1 2
1 3
1 4
1 5
1 6
7 8
7 9
7 6
7 5
7 4
7 1
7 10
11 12
11 13
11 6
11 14
15 10
15 16
15 18
15 6
15 17
15 13
13 6
13 4
13 14
13 18
20 21
20 22
20 23
20 24
21 17
21 10
21 18
21 25
6 13
6 7
6 12
6 18
2 3
2 12
2 1
2 20
2 13
5 12
5 9
5 6
5 11
4 13
4 19
4 22
4 7
9 12
9 5
9 6
9 13
9 16
16 15
16 24
16 9
16 4
16 22
12 6
12 23
18 17
18 15
3 5
3 7
3 10
3 22
14 1
14 5
14 21
14 6
9 12
9 17
9 23
9 7
23 2
23 5
23 18
23 20
23 10
10 23
10 5
10 15
10 21
10 25
25 9
25 20
25 4
25 24
24 13
24 16
24 17
24 3
19 7
19 17
19 1
19 21
19 5

